-270.143 226.166
-273.557 228.104
-275.438 229.053
-277.202 229.379
-278.061 229.172
-278.969 228.422
-288.272 218.385
-290.169 216.554
-292.478 214.709
-294.277 213.559
-297.805 211.864
-300.577 210.863
-305.676 210.067
-312.355 210.255
-322.022 210.787
-336.424 211.449
-340.398 211.868
-341.505 212.017
-344.374 212.785
-347.196 213.935
-349.868 215.581
-355.064 220.08
-367.782 230.772
-370.785 233.174
-372.121 233.535
-373.062 233.708
-374.298 233.524
-375.866 232.735
-377.877 230.679
-380.549 227.399
-399.805 221.579
-411.054 218.179
